
 symmetrized output:

 orbital occupation:
  i        <n_i> 
  1      0.1617469
  2      0.1617469
  3      0.1617469
  4      0.1617469
  5      0.1617469
  6      0.1617469

 double occupation
           1           2           3           4           5           6
  1   0.1617469   0.0115828   0.0115828   0.0024561   0.0058845   0.0058845
  2   0.0115828   0.1617469   0.0115828   0.0058845   0.0024561   0.0058845
  3   0.0115828   0.0115828   0.1617469   0.0058845   0.0058845   0.0024561
  4   0.0024561   0.0058845   0.0058845   0.1617469   0.0115828   0.0115828
  5   0.0058845   0.0024561   0.0058845   0.0115828   0.1617469   0.0115828
  6   0.0058845   0.0058845   0.0024561   0.0115828   0.0115828   0.1617469
 <U-qmc>=  0.31117635602455329     
 sqrt(<m_z^2>)=   1.0119903558503183     
