 0.00 2.38 2.38 4.69 3.15 3.15
 2.38 0.00 2.38 3.15 4.69 3.15
 2.38 2.38 0.00 3.15 3.15 4.69
 4.69 3.15 3.15 0.00 2.38 2.38
 3.15 4.69 3.15 2.38 0.00 2.38
 3.15 3.15 4.69 2.38 2.38 0.00

